# Data from file chaos.dat distributed with Introduction to
# Time Series and Forecasting by Peter J. Brockwell and
# Richard A. Davis, Springer 1996
# (C) 1996 Springer-Verlag New York, Inc.
# Chaotic sequence generated by logistic sequence following the
# formula x[t] = 4*x[t-1]*(1 - x[t-1], with x[0] = PI/10
# See example 10.3.2, p. 337
0.861852885
0.476249957
0.997743742
0.009004670
0.035694342
0.137681025
0.474899840
0.997479928
0.010054885
0.039815139
0.152919574
0.518140711
0.998683658
0.005258436
0.020923138
0.081941440
0.300908161
0.841449759
0.533648248
0.995471182
0.018033233
0.070832142
0.263259800
0.775816311
0.695701451
0.846803769
0.518908583
0.998569862
0.005712371
0.022718960
0.088811235
0.323695199
0.875666469
0.435498818
0.983358390
0.065458668
0.244695322
0.739278086
0.770983989
0.706270710
0.829809577
0.564902573
0.983150624
0.066261897
0.247485033
0.744944766
0.760008247
0.729582847
0.789166866
0.665530096
0.890399150
0.390354015
0.951911032
0.183105677
0.598311952
0.961339040
0.148665160
0.506255321
0.999843484
0.000625967
0.002502299
0.009984151
0.039537870
0.151898506
0.515301400
0.999063469
0.003742617
0.014914440
0.058767999
0.221257285
0.689209995
0.856798312
0.490779859
0.999659956
0.001359714
0.005431459
0.021607833
0.084563738
0.309650850
0.855068805
0.495704576
0.999926197
0.000295189
0.001180407
0.004716055
0.018775255
0.073690981
0.273042482
0.793961140
0.654347394
0.904707528
0.344847267
0.903710517
0.348071273
0.907670647
0.335218573
0.891388325
0.387260716
0.949159415
0.193023279
0.623061171
0.939423793
0.227626920
0.703251622
0.834755112
0.551756059
0.989285241
0.042399810
0.162408264
0.544127279
0.992211133
0.030912803
0.119828805
0.421879450
0.975588719
0.095261483
0.344746932
0.903585940
0.348473557
0.908158948
0.333625092
0.889277559
0.393851927
0.954930347
0.172153519
0.570066739
0.980362608
0.077007058
0.284307885
0.813907647
0.605847957
0.955184840
0.171227047
0.567633381
0.981702903
0.071849252
0.266747748
0.782373549
0.681060716
0.868868068
0.455745393
0.992166119
0.031090044
0.120493814
0.423900220
0.976835294
0.090512410
0.329279654
0.883418254
0.411961771
0.968997081
0.120166952
0.422907422
0.976226938
0.092831615
0.336855624
0.893535650
0.380518769
0.942896941
0.215369197
0.675941225
0.876178742
0.433958217
0.982553931
0.068566813
0.255461621
0.760803925
0.727925250
0.792200321
0.658475890
0.899541570
0.361466136
0.923233474
0.283493705
0.812500097
0.609374757
0.952148650
0.182246393
0.596130580
0.963035646
0.142391961
0.488465963
0.999467864
0.002127412
0.008491543
0.033677746
0.130174223
0.452915580
0.991132230
0.035156532
0.135682202
0.469090168
0.996178329
0.015228263
0.059985451
0.225548785
0.698706123
0.842063507
0.531970229
0.995911618
 
