# Data from file chocs.dat distributed with Introduction to
# Time Series and Forecasting by Peter J. Brockwell and
# Richard A. Davis, Springer 1996
# (C) 1996 Springer-Verlag New York, Inc.
# Chocolate-based confectionery production
# Monthly production in tonnes.
# July 1957 to February 1991
# Not referenced in index
# Col. 1: Month (1 = Jan, ..., 12 = Dec)
# Col. 2: Year (1957-1991)
# Col. 3: Monthly production of Chocolate-based confectionery (tonnes)
 7 1957 2953
 8 1957 2635
 9 1957 2404
10 1957 2413
11 1957 2136
12 1957 1565
 1 1958 1451
 2 1958 2037
 3 1958 2477
 4 1958 2785
 5 1958 2994
 6 1958 2681
 7 1958 3098
 8 1958 2708
 9 1958 2517
10 1958 2445
11 1958 2087
12 1958 1801
 1 1959 1216
 2 1959 2173
 3 1959 2286
 4 1959 3121
 5 1959 3458
 6 1959 3511
 7 1959 3524
 8 1959 2767
 9 1959 2744
10 1959 2603
11 1959 2527
12 1959 1846
 1 1960 1066
 2 1960 2327
 3 1960 3066
 4 1960 3048
 5 1960 3806
 6 1960 4042
 7 1960 3583
 8 1960 3438
 9 1960 2957
10 1960 2885
11 1960 2744
12 1960 1837
 1 1961 1447
 2 1961 2504
 3 1961 3248
 4 1961 3098
 5 1961 4318
 6 1961 3561
 7 1961 3316
 8 1961 3379
 9 1961 2717
10 1961 2354
11 1961 2445
12 1961 1542
 1 1962 1606
 2 1962 2590
 3 1962 3588
 4 1962 3202
 5 1962 4704
 6 1962 4005
 7 1962 3810
 8 1962 3488
 9 1962 2781
10 1962 2944
11 1962 2817
12 1962 1960
 1 1963 1937
 2 1963 2903
 3 1963 3357
 4 1963 3552
 5 1963 4581
 6 1963 3905
 7 1963 4581
 8 1963 4037
 9 1963 3345
10 1963 3175
11 1963 2808
12 1963 2050
 1 1964 1719
 2 1964 3143
 3 1964 3756
 4 1964 4776
 5 1964 4540
 6 1964 4309
 7 1964 4563
 8 1964 3506
 9 1964 3665
10 1964 3361
11 1964 3094
12 1964 2440
 1 1965 1633
 2 1965 2935
 3 1965 4159
 4 1965 4159
 5 1965 4894
 6 1965 4921
 7 1965 4577
 8 1965 4155
 9 1965 3851
10 1965 3429
11 1965 3370
12 1965 2726
 1 1966 1674
 2 1966 3257
 3 1966 4731
 4 1966 4481
 5 1966 5443
 6 1966 5566
 7 1966 5044
 8 1966 4781
 9 1966 4014
10 1966 3561
11 1966 3801
12 1966 2685
 1 1967 1805
 2 1967 3756
 3 1967 4227
 4 1967 4595
 5 1967 5702
 6 1967 4681
 7 1967 4395
 8 1967 4459
 9 1967 4191
10 1967 3742
11 1967 3279
12 1967 2468
 1 1968 1742
 2 1968 3366
 3 1968 3633
 4 1968 3701
 5 1968 4926
 6 1968 4522
 7 1968 5275
 8 1968 4717
 9 1968 4114
10 1968 3851
11 1968 3493
12 1968 2654
 1 1969 2168
 2 1969 3561
 3 1969 4305
 4 1969 4413
 5 1969 5307
 6 1969 5361
 7 1969 4948
 8 1969 4472
 9 1969 3846
10 1969 3715
11 1969 3343
12 1969 2939
 1 1970 1615
 2 1970 3497
 3 1970 3915
 4 1970 4858
 5 1970 4962
 6 1970 4504
 7 1970 4767
 8 1970 4291
 9 1970 4091
10 1970 4164
11 1970 3915
12 1970 3130
 1 1971 1696
 2 1971 3887
 3 1971 4749
 4 1971 4781
 5 1971 5089
 6 1971 5484
 7 1971 5072
 8 1971 4611
 9 1971 4117
10 1971 3910
11 1971 4252
12 1971 3624
 1 1972 1678
 2 1972 3851
 3 1972 5021
 4 1972 4581
 5 1972 6195
 6 1972 5338
 7 1972 4909
 8 1972 4640
 9 1972 3706
10 1972 4113
11 1972 3879
12 1972 3411
 1 1973 2043
 2 1973 3736
 3 1973 4490
 4 1973 3715
 5 1973 5623
 6 1973 4671
 7 1973 5591
 8 1973 5461
 9 1973 4795
10 1973 4846
11 1973 4843
12 1973 3278
 1 1974 2411
 2 1974 4278
 3 1974 4639
 4 1974 4559
 5 1974 6404
 6 1974 4851
 7 1974 6480
 8 1974 6394
 9 1974 5752
10 1974 4718
11 1974 4659
12 1974 3842
 1 1975 2873
 2 1975 5556
 3 1975 5389
 4 1975 6135
 5 1975 6707
 6 1975 5220
 7 1975 6249
 8 1975 5281
 9 1975 4192
10 1975 4867
11 1975 3752
12 1975 3492
 1 1976 1979
 2 1976 4584
 3 1976 5139
 4 1976 5044
 5 1976 5501
 6 1976 5044
 7 1976 5035
 8 1976 5167
 9 1976 4650
10 1976 5298
11 1976 4373
12 1976 3941
 1 1977 2334
 2 1977 4381
 3 1977 5665
 4 1977 4393
 5 1977 5232
 6 1977 5876
 7 1977 5900
 8 1977 5704
 9 1977 4718
10 1977 4650
11 1977 4446
12 1977 3061
 1 1978 2155
 2 1978 4274
 3 1978 4695
 4 1978 4362
 5 1978 4889
 6 1978 5370
 7 1978 5072
 8 1978 4985
 9 1978 3978
10 1978 4139
11 1978 3995
12 1978 3025
 1 1979 1949
 2 1979 4357
 3 1979 4638
 4 1979 3994
 5 1979 6174
 6 1979 5656
 7 1979 4411
 8 1979 5504
 9 1979 4463
10 1979 4458
11 1979 4528
12 1979 2830
 1 1980 1843
 2 1980 5042
 3 1980 5348
 4 1980 5257
 5 1980 6699
 6 1980 5388
 7 1980 6001
 8 1980 5966
 9 1980 4845
10 1980 4507
11 1980 4214
12 1980 3460
 1 1981 1833
 2 1981 4978
 3 1981 6464
 4 1981 5820
 5 1981 6447
 6 1981 6191
 7 1981 6628
 8 1981 5452
 9 1981 5295
10 1981 5080
11 1981 5564
12 1981 3965
 1 1982 2062
 2 1982 5099
 3 1982 6162
 4 1982 5529
 5 1982 6416
 6 1982 6382
 7 1982 5624
 8 1982 5785
 9 1982 4644
10 1982 5331
11 1982 5143
12 1982 4596
 1 1983 2180
 2 1983 5786
 3 1983 5840
 4 1983 5666
 5 1983 6360
 6 1983 6219
 7 1983 6082
 8 1983 5653
 9 1983 5726
10 1983 5049
11 1983 5859
12 1983 4091
 1 1984 2167
 2 1984 6480
 3 1984 7375
 4 1984 6583
 5 1984 7251
 6 1984 6730
 7 1984 6428
 8 1984 5228
 9 1984 4716
10 1984 6101
11 1984 5753
12 1984 4000
 1 1985 2691
 2 1985 5898
 3 1985 6526
 4 1985 5840
 5 1985 6650
 6 1985 5717
 7 1985 7236
 8 1985 6523
 9 1985 5729
10 1985 6004
11 1985 5950
12 1985 4690
 1 1986 3687
 2 1986 7791
 3 1986 7153
 4 1986 6434
 5 1986 7850
 6 1986 6809
 7 1986 8379
 8 1986 6914
 9 1986 6919
10 1986 7265
11 1986 6994
12 1986 5503
 1 1987 3782
 2 1987 7502
 3 1987 8119
 4 1987 7292
 5 1987 6886
 6 1987 7049
 7 1987 7977
 8 1987 8519
 9 1987 6680
10 1987 7994
11 1987 7047
12 1987 5782
 1 1988 3771
 2 1988 7906
 3 1988 8970
 4 1988 6077
 5 1988 7919
 6 1988 7340
 7 1988 7791
 8 1988 7368
 9 1988 8255
10 1988 7816
11 1988 7476
12 1988 6696
 1 1989 4484
 2 1989 8274
 3 1989 8866
 4 1989 8572
 5 1989 9176
 6 1989 8645
 7 1989 8265
 8 1989 9558
 9 1989 7037
10 1989 9101
11 1989 8180
12 1989 7072
 1 1990 3832
 2 1990 7253
 3 1990 8667
 4 1990 7658
 5 1990 8859
 6 1990 7291
 7 1990 7529
 8 1990 8715
 9 1990 8450
10 1990 9085
11 1990 8350
12 1990 7080
 1 1991 3210
 2 1991 8221
 
