# Data from file deaths.dat distributed with Introduction to
# Time Series and Forecasting by Peter J. Brockwell and
# Richard A. Davis, Springer 1996
# (C) 1996 Springer-Verlag New York, Inc.
# Accidental Deaths, U.S.A., by month Jan 1973- Dec 1978
# Used in Example 1.1.3, p. 3
# Col. 1: Month (1 = Jan, ..., 12 = Dec)
# Col. 2: Year (1973-1978)
# Col. 3: Accidental Deaths, U.S.A., by month
 1 1973  9007
 2 1973  8106
 3 1973  8928
 4 1973  9137
 5 1973 10017
 6 1973 10826
 7 1973 11317
 8 1973 10744
 9 1973  9713
10 1973  9938
11 1973  9161
12 1973  8927
 1 1974  7750
 2 1974  6981
 3 1974  8038
 4 1974  8422
 5 1974  8714
 6 1974  9512
 7 1974 10120
 8 1974  9823
 9 1974  8743
10 1974  9129
11 1974  8710
12 1974  8680
 1 1975  8162
 2 1975  7306
 3 1975  8124
 4 1975  7870
 5 1975  9387
 6 1975  9556
 7 1975 10093
 8 1975  9620
 9 1975  8285
10 1975  8433
11 1975  8160
12 1975  8034
 1 1976  7717
 2 1976  7461
 3 1976  7776
 4 1976  7925
 5 1976  8634
 6 1976  8945
 7 1976 10078
 8 1976  9179
 9 1976  8037
10 1976  8488
11 1976  7874
12 1976  8647
 1 1977  7792
 2 1977  6957
 3 1977  7726
 4 1977  8106
 5 1977  8890
 6 1977  9299
 7 1977 10625
 8 1977  9302
 9 1977  8314
10 1977  8850
11 1977  8265
12 1977  8796
 1 1978  7836
 2 1978  6892
 3 1978  7791
 4 1978  8129
 5 1978  9115
 6 1978  9434
 7 1978 10484
 8 1978  9827
 9 1978  9110
10 1978  9070
11 1978  8633
12 1978  9240
 
