# Data from file lres.dat distributed with Introduction to
# Time Series and Forecasting by Peter J. Brockwell and
# Richard A. Davis, Springer 1996
# (C) 1996 Springer-Verlag New York, Inc.
# Not referenced in indes; not known what it represents; probably
# something to do with data set lake
  .336522e-01
  .236825e+00
 -.480500e+00
  .329958e+00
 -.663437e-01
  .175769e+00
  .206378e-01
 -.202959e+00
 -.890459e-01
  .355000e+00
  .185678e+00
  .305343e+00
  .462119e+00
 -.263499e+00
 -.327768e+00
 -.258262e+00
  .144716e+00
  .605908e+00
 -.105278e+00
  .127299e+00
  .577645e+00
 -.586870e-01
 -.205960e-01
  .487476e+00
 -.491468e+00
  .940713e-01
 -.608120e+00
  .128725e+00
 -.341677e+00
 -.194861e+00
  .104796e+00
  .126969e+00
 -.462511e+00
 -.232190e+00
  .167086e+00
 -.703478e+00
  .163482e+00
  .204813e+00
  .134421e+00
 -.589747e-01
  .159268e+00
  .428128e-01
  .697561e+00
  .882061e-01
 -.740901e+00
 -.314273e+00
 -.151858e+00
 -.264801e+00
 -.228387e+00
 -.121110e+00
  .297875e-01
 -.398619e+00
 -.201877e+00
  .381468e+00
  .138235e+00
 -.327166e+00
 -.307976e+00
 -.118871e+00
  .460850e+00
 -.264101e+00
  .101945e+00
 -.494383e+00
  .182688e+00
  .839250e-01
 -.452934e+00
 -.127647e+00
 -.233133e-01
  .216187e+00
 -.270182e+00
 -.150940e+00
 -.154365e+00
  .114010e+00
 -.586597e-01
  .309417e+00
  .214051e+00
  .388052e-01
 -.204340e+00
  .320298e+00
 -.100785e+00
  .329430e+00
  .123547e+00
  .205865e+00
  .154922e+00
  .630751e+00
  .650796e-02
  .770336e+00
  .132735e+00
  .602248e-01
  .305821e+00
  .402346e+00
 -.101859e+00
 -.810789e-01
 -.312189e-01
  .122436e+00
 -.244661e+00
  .111682e-01
  .242547e+00
 -.267676e+00
  .170250e+00
 -.519770e-01
  .172588e+00
 -.590867e+00
 -.303089e+00
  .303447e+00
  .281220e+00
 -.793273e-01
  .419612e+00
 -.836668e-01
  .147553e+00
  .472547e-01
 -.200331e+00
  .232200e+00
  .467416e+00
 -.280985e+00
  .439344e-01
 -.321907e+00
  .254519e+00
 -.401995e+00
 -.934786e-01
 -.237103e+00
  .147554e-01
 -.375752e+00
  .148973e+00
  .179290e-01
 -.194246e+00
  .450883e-01
  .686411e-01
  .219815e+00
 -.418460e+00
  .870918e-02
 -.148620e+00
  .467360e-01
 -.150578e+00
  .958069e-01
 -.217296e+00
  .134151e+00
 -.179103e+00
  .622730e-01
  .376794e+00
  .960178e-01
  .312804e+00
 -.214342e+00
 -.244446e+00
 -.298729e+00
  .855161e-01
  .978214e-01
 -.463399e-01
  .215263e+00
 -.290621e+00
 
