# Data from file sres.dat distributed with Introduction to
# Time Series and Forecasting by Peter J. Brockwell and
# Richard A. Davis, Springer 1996
# (C) 1996 Springer-Verlag New York, Inc.
# N = 149
# Data is highly correlated with first differences of
# sales data in data set sales (column 2 in ls2)
 -.921666e+00
 -.896855e+00
 -.133117e+01
 -.947956e+00
  .330478e+00
 -.186327e+01
  .958722e-01
 -.746449e-01
  .444444e+00
  .190742e+00
 -.429643e+00
 -.623978e+00
  .128382e+01
  .158897e+01
  .253376e+01
  .418200e+01
  .156402e+01
 -.378081e+00
 -.159951e+01
 -.479028e+00
  .305259e+01
  .152817e+01
  .170491e+01
  .398875e+01
  .257234e+01
  .150031e+01
  .359169e+01
  .283946e+00
  .714584e+00
 -.218111e+01
 -.854955e+00
 -.232577e+01
 -.292361e+01
 -.110723e+01
 -.445459e+00
 -.233149e+01
 -.262630e+01
 -.176619e+01
 -.395810e+01
 -.199805e+01
 -.768122e+00
  .154331e-01
 -.412812e+00
  .384007e+00
  .762058e+00
  .414142e+01
  .354476e+01
 -.143832e+01
 -.260254e+01
 -.235491e+01
 -.283742e+01
 -.346635e+01
 -.316475e+01
 -.202164e+01
 -.307930e+01
 -.368111e+01
 -.566649e+00
  .110308e-01
 -.141490e+01
 -.259143e+01
 -.234965e+01
  .165083e+00
 -.541823e+00
 -.277193e+00
 -.235165e+01
 -.735874e+00
 -.692730e-01
 -.245300e+01
 -.188396e+01
 -.191397e+01
 -.282322e-01
 -.183352e+01
 -.159005e+01
 -.207453e+01
 -.140440e+01
 -.108645e+01
  .864402e+00
  .128997e+01
  .109190e+01
 -.202084e+00
  .178399e+01
  .926281e+00
  .221934e+01
  .193283e+01
  .239689e+01
  .221707e+01
  .513176e+01
  .371463e+01
  .614228e+01
  .499407e+01
  .334931e+01
  .466895e+01
  .499505e+01
  .344977e+01
  .191661e+01
  .789204e+00
  .135430e+01
  .122422e+00
 -.162054e+00
  .110297e+01
 -.296824e+00
  .339031e+00
  .340725e+00
  .741523e+00
 -.256832e+01
 -.303867e+01
 -.661835e+00
  .865848e+00
  .290671e+00
  .201778e+01
  .123720e+01
  .146686e+01
  .147583e+01
  .800616e-01
  .101784e+01
  .306278e+01
  .633011e+00
  .118019e+01
 -.760188e+00
  .419206e+00
 -.102126e+01
 -.190467e+01
 -.212379e+01
 -.152778e+01
 -.264499e+01
 -.137503e+01
 -.872537e+00
 -.133411e+01
 -.115311e+01
 -.667209e+00
  .563296e+00
 -.125288e+01
 -.111454e+01
 -.144893e+01
 -.807591e+00
 -.150331e+01
 -.433368e+00
 -.112575e+01
 -.354239e+00
 -.888221e+00
 -.641539e+00
  .137549e+01
  .173247e+01
  .220182e+01
  .102452e+01
 -.434052e+00
 -.162607e+01
 -.791600e+00
 -.295709e+00
 
