# Data from file wine.dat distributed with Introduction to
# Time Series and Forecasting by Peter J. Brockwell and
# Richard A. Davis, Springer 1996
# (C) 1996 Springer-Verlag New York, Inc.
# Australian red wine sales (thousands of litres)
# Monthly, Jan 80 - Oct 91
# Examples 1.1.1, 6.2.1
# Col. 1: Year (1980 - 1991)
# Col. 2: Month (1 = Jan, .., 12 = Dec.)
# Col. 3: Australian red wine sales (thousands of litres)
 1980  1   464
 1980  2   675
 1980  3   703
 1980  4   887
 1980  5  1139
 1980  6  1077
 1980  7  1318
 1980  8  1260
 1980  9  1120
 1980 10   963
 1980 11   996
 1980 12   960
 1981  1   530
 1981  2   883
 1981  3   894
 1981  4  1045
 1981  5  1199
 1981  6  1287
 1981  7  1565
 1981  8  1577
 1981  9  1076
 1981 10   918
 1981 11  1008
 1981 12  1063
 1982  1   544
 1982  2   635
 1982  3   804
 1982  4   980
 1982  5  1018
 1982  6  1064
 1982  7  1404
 1982  8  1286
 1982  9  1104
 1982 10   999
 1982 11   996
 1982 12  1015
 1983  1   615
 1983  2   722
 1983  3   832
 1983  4   977
 1983  5  1270
 1983  6  1437
 1983  7  1520
 1983  8  1708
 1983  9  1151
 1983 10   934
 1983 11  1159
 1983 12  1209
 1984  1   699
 1984  2   830
 1984  3   996
 1984  4  1124
 1984  5  1458
 1984  6  1270
 1984  7  1753
 1984  8  2258
 1984  9  1208
 1984 10  1241
 1984 11  1265
 1984 12  1828
 1985  1   809
 1985  2   997
 1985  3  1164
 1985  4  1205
 1985  5  1538
 1985  6  1513
 1985  7  1378
 1985  8  2083
 1985  9  1357
 1985 10  1536
 1985 11  1526
 1985 12  1376
 1986  1   779
 1986  2  1005
 1986  3  1193
 1986  4  1522
 1986  5  1539
 1986  6  1546
 1986  7  2116
 1986  8  2326
 1986  9  1596
 1986 10  1356
 1986 11  1553
 1986 12  1613
 1987  1   814
 1987  2  1150
 1987  3  1225
 1987  4  1691
 1987  5  1759
 1987  6  1754
 1987  7  2100
 1987  8  2062
 1987  9  2012
 1987 10  1897
 1987 11  1964
 1987 12  2186
 1988  1   966
 1988  2  1549
 1988  3  1538
 1988  4  1612
 1988  5  2078
 1988  6  2137
 1988  7  2907
 1988  8  2249
 1988  9  1883
 1988 10  1739
 1988 11  1828
 1988 12  1868
 1989  1  1138
 1989  2  1430
 1989  3  1809
 1989  4  1763
 1989  5  2200
 1989  6  2067
 1989  7  2503
 1989  8  2141
 1989  9  2103
 1989 10  1972
 1989 11  2181
 1989 12  2344
 1990  1   970
 1990  2  1199
 1990  3  1718
 1990  4  1683
 1990  5  2025
 1990  6  2051
 1990  7  2439
 1990  8  2353
 1990  9  2230
 1990 10  1852
 1990 11  2147
 1990 12  2286
 1991  1  1007
 1991  2  1665
 1991  3  1642
 1991  4  1525
 1991  5  1838
 1991  6  1892
 1991  7  2920
 1991  8  2572
 1991  9  2617
 1991 10  2047
 
